0.00790 0.01376
0.02157 0.00400
0.04013 0.00204
0.05478 0.01279
0.07529 0.00107
0.08603 0.01474
0.09775 0.00693
0.12118 0.00595
0.13876 0.01181
0.14755 0.00009
0.16708 0.00497
0.18466 0.00986
0.19931 0.00302
0.21493 0.00888
0.23154 0.01083
0.24911 0.00790
0.26474 0.00058
0.27353 0.01230
0.28720 0.00546
0.30282 0.00839
0.31650 0.01523
0.33310 0.01425
0.34872 0.00156
0.37314 0.00351
0.38876 0.01132
0.40341 0.00644
0.41904 0.00253
0.43564 0.00937
0.45029 0.01327
0.46591 0.00449
0.48056 0.01034
0.49423 0.00741
0.50888 0.00033
0.52157 0.01010
0.53329 0.01303
0.55478 0.00619
0.56845 0.00229
0.58212 0.01401
0.59482 0.00424
0.61240 0.00912
0.62802 0.00815
0.64462 0.01205
0.66415 0.00131
0.68466 0.01108
0.70029 0.00717
0.70517 0.01498
0.73154 0.00522
0.74521 0.00326
0.76181 0.00375
0.77743 0.00180
0.78134 0.01547
0.80868 0.00766
0.82626 0.00668
0.83798 0.01449
0.85849 0.01059
0.87216 0.01352
0.87900 0.00082
0.89072 0.01157
0.91611 0.00278
0.93173 0.00961
0.94638 0.00571
0.96298 0.01254
0.97568 0.00473
0.99618 0.00864
0.01279 0.02939
0.02548 0.01962
0.04111 0.01865
0.06064 0.03036
0.06943 0.01669
0.08212 0.02841
0.09970 0.02646
0.11044 0.01767
0.12900 0.02255
0.15341 0.01572
0.15634 0.02743
0.17587 0.02157
0.19052 0.02548
0.20517 0.02060
0.22079 0.02450
0.23837 0.02353
0.25790 0.01913
0.27060 0.02988
0.28427 0.02695
0.29794 0.02206
0.32138 0.02792
0.34091 0.03085
0.34775 0.01718
0.36337 0.01620
0.37900 0.02011
0.40243 0.02402
0.41708 0.01816
0.43271 0.02304
0.45224 0.02890
0.46493 0.02109
0.47861 0.02597
0.49325 0.02499
0.50595 0.01791
0.51962 0.02670
0.54501 0.01889
0.55282 0.03061
0.56357 0.02182
0.57822 0.02963
0.60068 0.02084
0.61630 0.02377
0.63290 0.02475
0.64950 0.02866
0.65927 0.01596
0.67490 0.01987
0.69247 0.02768
0.71689 0.01694
0.72958 0.02573
0.74325 0.02280
0.75595 0.01840
0.76962 0.02328
0.79501 0.01742
0.80380 0.03110
0.81552 0.02133
0.82919 0.02914
0.84872 0.02231
0.87314 0.03012
0.88876 0.02621
0.90341 0.01645
0.90634 0.02817
0.92197 0.02035
0.94150 0.02426
0.95615 0.02524
0.97275 0.02719
0.98544 0.01938
0.00302 0.03818
0.02841 0.03622
0.04404 0.03134
0.04794 0.04599
0.06357 0.04404
0.07919 0.04306
0.09579 0.04208
0.11630 0.03329
0.13486 0.03427
0.14560 0.04501
0.16513 0.03232
0.17782 0.04013
0.19345 0.04111
0.21298 0.03525
0.23056 0.03915
0.24521 0.03720
0.25986 0.03769
0.28036 0.04355
0.29599 0.04257
0.30771 0.03281
0.31552 0.04550
0.33212 0.04062
0.35751 0.03183
0.37216 0.03574
0.38779 0.03378
0.40439 0.03964
0.41806 0.03476
0.42880 0.04648
0.43857 0.03671
0.45419 0.04452
0.46884 0.03866
0.48447 0.04159
0.50107 0.03744
0.51767 0.04135
0.53427 0.03256
0.54794 0.04526
0.56650 0.04037
0.59286 0.03158
0.60751 0.04233
0.62021 0.03647
0.63583 0.03842
0.65146 0.04623
0.66318 0.03354
0.67782 0.03549
0.68954 0.04428
0.70615 0.04330
0.71884 0.03451
0.73447 0.03940
0.75302 0.03598
0.77060 0.03793
0.78720 0.03207
0.79892 0.04672
0.81454 0.04086
0.83017 0.04574
0.84384 0.03696
0.85947 0.03305
0.88681 0.04184
0.90146 0.04379
0.91708 0.03891
0.93075 0.03403
0.94443 0.04282
0.96005 0.03989
0.97470 0.04477
0.98837 0.03500
0.01083 0.05087
0.02743 0.04892
0.03915 0.05966
0.05673 0.06161
0.07040 0.05868
0.08700 0.05478
0.10751 0.05185
0.12314 0.04697
0.13290 0.05673
0.14950 0.06064
0.16220 0.04990
0.17978 0.05575
0.19443 0.05771
0.20712 0.04794
0.21982 0.05380
0.23740 0.05282
0.25302 0.05234
0.26962 0.05429
0.28622 0.05917
0.31161 0.06015
0.32724 0.05820
0.34189 0.04941
0.35849 0.04745
0.37411 0.05038
0.38974 0.04843
0.39853 0.06113
0.41415 0.05136
0.42978 0.06210
0.44638 0.05527
0.46396 0.05722
0.47958 0.05624
0.49716 0.05331
0.51279 0.05502
0.52939 0.04819
0.53720 0.05893
0.56161 0.05405
0.57724 0.05307
0.59091 0.04721
0.60165 0.05698
0.62216 0.05209
0.63681 0.05600
0.65439 0.06186
0.66904 0.04916
0.67880 0.05991
0.69345 0.05795
0.70810 0.06088
0.72079 0.05014
0.74130 0.05112
0.75497 0.05844
0.76669 0.04965
0.78525 0.05160
0.81161 0.05551
0.82724 0.06137
0.84286 0.05942
0.85556 0.04867
0.86435 0.06039
0.87509 0.04770
0.89267 0.05649
0.91513 0.05356
0.93271 0.05258
0.95029 0.05453
0.96396 0.05746
0.97665 0.06235
0.99032 0.05063
0.01181 0.06943
0.02353 0.06357
0.03329 0.07724
0.04697 0.07431
0.06259 0.07529
0.08017 0.07040
0.09677 0.06454
0.11825 0.06259
0.13974 0.07236
0.15536 0.07626
0.16611 0.06552
0.18173 0.07138
0.19540 0.07333
0.21005 0.06650
0.22861 0.06747
0.24325 0.06845
0.26083 0.06699
0.27646 0.07382
0.29404 0.07577
0.29990 0.06308
0.32236 0.07480
0.33700 0.06991
0.35068 0.06406
0.36630 0.06503
0.38388 0.06601
0.39657 0.07675
0.41220 0.06894
0.42294 0.07773
0.44247 0.07089
0.45907 0.07187
0.47470 0.07284
0.49032 0.06796
0.50790 0.07162
0.52450 0.06772
0.54599 0.06674
0.55575 0.07748
0.56552 0.06576
0.58603 0.06479
0.59677 0.07651
0.61337 0.06381
0.62900 0.06967
0.64755 0.07358
0.66708 0.06869
0.68661 0.07455
0.70224 0.07553
0.71786 0.07260
0.73056 0.06283
0.74423 0.07065
0.75986 0.07407
0.77353 0.06332
0.78818 0.07504
0.79794 0.06430
0.81357 0.07211
0.82822 0.07309
0.85751 0.06918
0.87411 0.07699
0.88193 0.06528
0.90243 0.06625
0.91220 0.07797
0.92294 0.06723
0.93759 0.06821
0.95322 0.07114
0.96884 0.07602
0.98642 0.07016
0.00497 0.08310
0.01962 0.08603
0.03818 0.09286
0.05380 0.09091
0.07236 0.08505
0.08993 0.08700
0.10068 0.07919
0.11240 0.07822
0.12704 0.08115
0.14365 0.08896
0.17099 0.08407
0.18564 0.08993
0.20029 0.08798
0.21591 0.08017
0.23251 0.08212
0.24716 0.09189
0.25595 0.08066
0.26669 0.09042
0.28232 0.08945
0.30966 0.09335
0.31259 0.07870
0.32919 0.08847
0.34677 0.08261
0.36142 0.07968
0.37802 0.08163
0.39365 0.09238
0.41025 0.09140
0.43661 0.08554
0.45126 0.08652
0.46689 0.08749
0.48349 0.08456
0.49814 0.08359
0.51376 0.08530
0.52743 0.09213
0.53525 0.08041
0.54697 0.09116
0.57138 0.08920
0.57919 0.07846
0.60849 0.09311
0.61044 0.07944
0.62607 0.08432
0.64072 0.08334
0.65732 0.08725
0.67294 0.08237
0.69540 0.08627
0.71493 0.08823
0.73349 0.08139
0.74814 0.09018
0.76279 0.09067
0.77450 0.08090
0.78329 0.09262
0.80087 0.08285
0.82431 0.08969
0.84189 0.08676
0.84482 0.07895
0.86044 0.08481
0.88974 0.09360
0.89365 0.07992
0.90829 0.09164
0.92782 0.08774
0.94052 0.08383
0.95907 0.08578
0.98154 0.08871
0.99716 0.08188
0.00204 0.09775
0.01767 0.10068
0.03232 0.10654
0.06161 0.10458
0.07626 0.09872
0.09091 0.10556
0.10654 0.09579
0.11337 0.10849
0.12607 0.09482
0.14169 0.10361
0.15927 0.09677
0.17392 0.10263
0.18857 0.10751
0.20615 0.09970
0.22177 0.09384
0.23544 0.10165
0.26376 0.10312
0.27841 0.10605
0.29501 0.09531
0.30868 0.10898
0.32333 0.10409
0.33798 0.09824
0.35263 0.10019
0.36435 0.09433
0.37997 0.09726
0.39169 0.10702
0.40829 0.10800
0.42392 0.09628
0.44052 0.10116
0.45810 0.10214
0.47568 0.09921
0.48935 0.10507
0.50302 0.09897
0.51669 0.10776
0.53232 0.10580
0.56064 0.09701
0.57626 0.10385
0.58993 0.09408
0.59384 0.10678
0.61923 0.10873
0.63095 0.09799
0.64657 0.10190
0.66513 0.09994
0.68173 0.09604
0.69833 0.10092
0.71200 0.10287
0.72763 0.09506
0.74032 0.10483
0.75790 0.10434
0.77646 0.10727
0.79306 0.10043
0.80966 0.09555
0.82040 0.10629
0.83896 0.09946
0.85263 0.10336
0.86532 0.10141
0.87607 0.09457
0.90439 0.10532
0.92099 0.10239
0.93661 0.10922
0.94736 0.09653
0.96786 0.09848
0.97958 0.10824
0.99423 0.09750
0.00693 0.11337
0.01865 0.12021
0.03622 0.12216
0.04892 0.11044
0.06454 0.12118
0.07822 0.11532
0.10165 0.11435
0.12021 0.12411
0.12997 0.11240
0.15048 0.11142
0.16904 0.11630
0.18661 0.12314
0.20126 0.11728
0.21689 0.10947
0.22763 0.11923
0.24228 0.11825
0.25204 0.10995
0.26572 0.12363
0.28134 0.12167
0.29697 0.11093
0.31747 0.11972
0.33896 0.11484
0.35458 0.11679
0.37021 0.11288
0.38681 0.12070
0.40146 0.12265
0.41611 0.12460
0.42685 0.11191
0.44345 0.11581
0.45712 0.11874
0.47275 0.11386
0.49521 0.11777
0.51083 0.12143
0.52841 0.12045
0.54404 0.12241
0.54892 0.10971
0.56259 0.11459
0.58505 0.11850
0.60654 0.11264
0.61728 0.12436
0.63388 0.11362
0.65341 0.11557
0.67001 0.11752
0.68075 0.11069
0.69638 0.11655
0.71005 0.11948
0.72470 0.11166
0.73544 0.12338
0.75009 0.11996
0.76767 0.11899
0.79111 0.11703
0.80575 0.11117
0.81845 0.12485
0.83212 0.11410
0.84677 0.11801
0.86240 0.12289
0.87704 0.11313
0.89169 0.11215
0.90927 0.12094
0.92490 0.12192
0.95224 0.11020
0.96493 0.11606
0.98056 0.12387
0.99521 0.11508
0.00986 0.13681
0.02646 0.13290
0.04208 0.13974
0.05087 0.12802
0.07431 0.13583
0.08798 0.12704
0.10361 0.12997
0.11532 0.13876
0.13779 0.12607
0.15439 0.12509
0.16025 0.13779
0.17294 0.13193
0.19736 0.13388
0.21103 0.12900
0.22470 0.13486
0.23935 0.13095
0.25497 0.13534
0.27157 0.13827
0.29208 0.12851
0.30673 0.13046
0.31943 0.14023
0.33115 0.12656
0.34579 0.13241
0.36240 0.13144
0.37607 0.12949
0.40048 0.13632
0.42099 0.13730
0.43466 0.12753
0.44931 0.13437
0.46298 0.13339
0.48154 0.12558
0.48837 0.13925
0.50204 0.13412
0.52060 0.13510
0.54013 0.13608
0.55673 0.13022
0.57431 0.12533
0.58407 0.13901
0.59775 0.12826
0.60947 0.13803
0.62997 0.13217
0.64267 0.12631
0.66025 0.13119
0.68368 0.12729
0.69931 0.13315
0.71103 0.13998
0.72275 0.12924
0.74228 0.13705
0.75888 0.13168
0.77939 0.12778
0.79599 0.13852
0.80673 0.12680
0.82333 0.13949
0.83700 0.13266
0.85068 0.13461
0.86337 0.14047
0.87802 0.12973
0.89462 0.12875
0.91025 0.13657
0.92978 0.13754
0.93954 0.12582
0.95419 0.13071
0.96982 0.13364
0.98935 0.13559
0.00888 0.15536
0.02255 0.14657
0.03720 0.15439
0.05966 0.14169
0.07138 0.15146
0.08896 0.14267
0.10263 0.14950
0.12216 0.15341
0.13095 0.14072
0.14462 0.14365
0.16806 0.15243
0.18271 0.14462
0.19833 0.15048
0.21200 0.14560
0.22958 0.14853
0.24423 0.14755
0.25888 0.15195
0.27548 0.15292
0.28818 0.14413
0.30185 0.14511
0.32529 0.15488
0.33407 0.14316
0.35361 0.14609
0.36825 0.14706
0.38486 0.14218
0.39560 0.15390
0.41122 0.14902
0.43075 0.14999
0.44443 0.14804
0.46005 0.15097
0.47372 0.14120
0.48642 0.15585
0.50009 0.15268
0.51572 0.14975
0.53134 0.14780
0.55087 0.14584
0.56747 0.14291
0.58896 0.15561
0.60263 0.14877
0.62314 0.14682
0.63779 0.15073
0.65048 0.14194
0.65829 0.15463
0.67197 0.14096
0.68857 0.14389
0.70419 0.15366
0.72861 0.14487
0.74911 0.15170
0.76474 0.14438
0.77841 0.15414
0.78427 0.14145
0.79697 0.15610
0.81259 0.14731
0.83407 0.15219
0.84775 0.15024
0.87021 0.15512
0.88095 0.14340
0.89560 0.14535
0.90732 0.15317
0.92392 0.14633
0.94540 0.14242
0.96103 0.14828
0.97763 0.14926
0.99325 0.15121
0.00595 0.17001
0.02450 0.16415
0.04306 0.17099
0.05282 0.15634
0.06552 0.16611
0.08505 0.15829
0.09482 0.16806
0.11142 0.16220
0.13583 0.15927
0.15146 0.15732
0.16318 0.16904
0.18075 0.16122
0.19247 0.16708
0.20810 0.16318
0.22568 0.16025
0.24618 0.16513
0.26279 0.16659
0.27939 0.16757
0.29111 0.15976
0.30575 0.16074
0.31845 0.16562
0.33505 0.17148
0.34384 0.15683
0.35947 0.16269
0.37704 0.15781
0.39072 0.16855
0.40927 0.16366
0.42490 0.16464
0.44540 0.16171
0.46103 0.17050
0.47079 0.15878
0.49130 0.16952
0.50986 0.16733
0.52548 0.16537
0.54111 0.15951
0.55966 0.16147
0.57333 0.15756
0.58017 0.17123
0.60361 0.16440
0.61825 0.16342
0.63193 0.16830
0.64560 0.16635
0.66220 0.16928
0.67587 0.15658
0.69150 0.16244
0.70907 0.17026
0.71982 0.15854
0.73642 0.16049
0.75204 0.16782
0.76572 0.16196
0.78232 0.17074
0.81064 0.16684
0.82236 0.15903
0.83603 0.16977
0.85654 0.16098
0.86923 0.17172
0.88583 0.15805
0.89950 0.16879
0.91904 0.16293
0.93466 0.16000
0.94833 0.15707
0.95712 0.16586
0.97079 0.16391
0.98447 0.16489
0.01474 0.17978
0.03036 0.18075
0.04599 0.18564
0.05771 0.17782
0.07724 0.17197
0.08407 0.18466
0.09872 0.18368
0.11435 0.17685
0.13193 0.17294
0.14853 0.17392
0.17001 0.18173
0.18368 0.18271
0.20224 0.17880
0.21396 0.18661
0.22275 0.17587
0.23642 0.17490
0.25400 0.18027
0.27450 0.18222
0.29013 0.17929
0.30478 0.17831
0.32431 0.18124
0.34286 0.18613
0.35165 0.17245
0.36044 0.18417
0.37509 0.17343
0.39267 0.18320
0.40732 0.17734
0.43173 0.17538
0.44736 0.17636
0.45322 0.18710
0.47665 0.17441
0.48740 0.18515
0.50497 0.18002
0.52255 0.18491
0.53622 0.17612
0.54990 0.17416
0.56454 0.17807
0.58115 0.18686
0.59579 0.17514
0.61435 0.17905
0.62704 0.18393
0.64853 0.18100
0.66611 0.18295
0.67978 0.17221
0.69736 0.17709
0.71298 0.18588
0.72665 0.17319
0.73740 0.18198
0.75107 0.18442
0.76865 0.17856
0.79404 0.17270
0.80771 0.18344
0.82529 0.18051
0.84091 0.18735
0.84970 0.17367
0.86728 0.18539
0.88486 0.17465
0.89853 0.18637
0.91122 0.17953
0.92685 0.17563
0.94247 0.17660
0.95810 0.18246
0.97372 0.18149
0.99228 0.17758
0.00107 0.18857
0.01669 0.19638
0.03427 0.19736
0.05575 0.19931
0.06747 0.18954
0.09286 0.20126
0.10849 0.19540
0.12411 0.20029
0.12802 0.18759
0.14267 0.19150
0.15732 0.19247
0.17880 0.19833
0.19638 0.19345
0.20907 0.20224
0.22665 0.19443
0.24130 0.19052
0.25693 0.20077
0.26767 0.19394
0.28329 0.19589
0.29892 0.19491
0.31357 0.19101
0.33017 0.19687
0.35654 0.20273
0.36728 0.19784
0.38193 0.19003
0.40536 0.19296
0.42001 0.18808
0.42197 0.20175
0.43759 0.19199
0.46786 0.18906
0.47763 0.19882
0.49228 0.19980
0.50693 0.19369
0.52353 0.20053
0.53818 0.18979
0.55380 0.19076
0.56943 0.19858
0.58310 0.20248
0.59970 0.18881
0.61142 0.19760
0.63876 0.19272
0.65536 0.19662
0.67099 0.19565
0.68564 0.18783
0.69052 0.20151
0.70322 0.19467
0.72568 0.19174
0.73935 0.19955
0.76376 0.19223
0.78036 0.19711
0.79208 0.18832
0.79990 0.20102
0.81650 0.19418
0.83505 0.19907
0.85361 0.18930
0.86630 0.20199
0.88290 0.19321
0.90048 0.20004
0.91806 0.19516
0.93368 0.19028
0.95126 0.19614
0.96689 0.19809
0.98349 0.19125
0.99814 0.20297
0.01376 0.21005
0.02939 0.21200
0.04501 0.21103
0.05868 0.21591
0.07333 0.20322
0.08310 0.21298
0.10458 0.21396
0.11728 0.20907
0.13388 0.21493
0.14657 0.20615
0.16415 0.20419
0.17685 0.21689
0.19150 0.20712
0.20322 0.21786
0.22372 0.20810
0.24032 0.20517
0.25009 0.21738
0.26865 0.21445
0.28525 0.20956
0.30087 0.21347
0.31454 0.20663
0.32822 0.21249
0.34482 0.20468
0.37118 0.21835
0.38095 0.20566
0.39462 0.20859
0.40634 0.21152
0.42782 0.21640
0.43954 0.20761
0.45615 0.20370
0.46982 0.21054
0.49618 0.21542
0.51181 0.21030
0.53036 0.21323
0.54306 0.20541
0.55771 0.20737
0.57040 0.21811
0.58700 0.21616
0.59872 0.20444
0.62411 0.20346
0.62509 0.21420
0.64365 0.20834
0.66122 0.21127
0.67685 0.20932
0.69443 0.21713
0.70712 0.21225
0.72177 0.20639
0.73837 0.21518
0.75400 0.20395
0.77157 0.20883
0.79013 0.21274
0.80478 0.21860
0.82138 0.20785
0.83993 0.21762
0.85165 0.20688
0.87118 0.21567
0.88779 0.20981
0.90536 0.21469
0.92001 0.21078
0.93564 0.20590
0.94931 0.21176
0.96200 0.21371
0.97861 0.20492
0.98740 0.21664
0.00009 0.21982
0.01572 0.22861
0.03134 0.22665
0.04990 0.23056
0.06845 0.22177
0.08115 0.23251
0.09384 0.22275
0.11923 0.22568
0.13681 0.22763
0.15243 0.22958
0.16122 0.21884
0.17197 0.23154
0.18954 0.22470
0.21786 0.22372
0.23349 0.22079
0.23447 0.23349
0.26181 0.23105
0.27743 0.22714
0.29306 0.22812
0.31064 0.22616
0.32626 0.22909
0.33993 0.22226
0.35556 0.22031
0.36532 0.23398
0.38583 0.22324
0.39950 0.23007
0.41513 0.22519
0.43368 0.23202
0.44833 0.22128
0.46200 0.22421
0.48251 0.21933
0.48544 0.23300
0.50400 0.22983
0.51865 0.22397
0.53915 0.22690
0.55185 0.22104
0.57529 0.23276
0.59189 0.23178
0.60458 0.21908
0.61532 0.22592
0.63486 0.22201
0.65243 0.22299
0.66806 0.22787
0.68271 0.22494
0.70126 0.23373
0.71591 0.23080
0.72372 0.22006
0.74618 0.22885
0.75693 0.21957
0.77255 0.22250
0.78622 0.22934
0.80282 0.23324
0.81943 0.22055
0.83310 0.23227
0.85458 0.22153
0.86825 0.23129
0.88388 0.22739
0.89755 0.22446
0.91318 0.23422
0.92587 0.22836
0.93857 0.22348
0.95517 0.23032
0.97177 0.22543
0.99130 0.22641
0.00400 0.23837
0.02060 0.24618
0.03525 0.24032
0.05185 0.24716
0.06650 0.23740
0.09189 0.24423
0.10556 0.23447
0.10947 0.24814
0.12509 0.24130
0.14072 0.24325
0.15829 0.24521
0.17490 0.24911
0.18759 0.24228
0.20419 0.23642
0.21884 0.23935
0.24814 0.23544
0.25107 0.24863
0.27255 0.24179
0.28915 0.24374
0.30380 0.24081
0.32040 0.23984
0.33603 0.24472
0.34970 0.23495
0.36923 0.24960
0.38290 0.23788
0.39755 0.24765
0.41318 0.23886
0.42587 0.24667
0.44150 0.24570
0.45517 0.23691
0.47177 0.23593
0.49911 0.24277
0.51474 0.24741
0.52646 0.23764
0.54208 0.24252
0.55868 0.23471
0.57236 0.24838
0.58798 0.24643
0.60556 0.24057
0.62118 0.23862
0.63974 0.24936
0.64169 0.23569
0.65634 0.24155
0.67392 0.24448
0.68759 0.23959
0.71396 0.24545
0.73251 0.23666
0.74716 0.24350
0.76083 0.23715
0.77548 0.24399
0.78915 0.24692
0.80185 0.24985
0.81747 0.23617
0.83115 0.24789
0.84579 0.23813
0.86142 0.24203
0.87997 0.24594
0.89657 0.24008
0.91415 0.24887
0.92880 0.24496
0.94345 0.24106
0.96591 0.24301
0.98251 0.23910
0.99911 0.23520
0.00741 0.25302
0.02402 0.26181
0.03866 0.25497
0.05429 0.26376
0.06796 0.25107
0.08163 0.25595
0.09824 0.25888
0.11484 0.26474
0.12753 0.25693
0.14218 0.25790
0.15976 0.25986
0.18710 0.26083
0.19784 0.25009
0.20859 0.26279
0.22031 0.25204
0.23691 0.25400
0.26523 0.25546
0.27988 0.25937
0.29550 0.25839
0.31015 0.26132
0.32284 0.25644
0.34238 0.26230
0.35312 0.25058
0.36288 0.26425
0.38437 0.25449
0.39902 0.26327
0.41366 0.25741
0.43222 0.26034
0.44687 0.26523
0.45566 0.25253
0.47226 0.25351
0.48691 0.25156
0.50351 0.25912
0.52988 0.25424
0.54648 0.26108
0.55722 0.25131
0.56991 0.26205
0.58456 0.26401
0.59921 0.25522
0.61386 0.25815
0.62656 0.25229
0.64511 0.26498
0.66074 0.25619
0.68417 0.25717
0.69882 0.25033
0.71738 0.26303
0.72812 0.25326
0.74374 0.26010
0.75937 0.25375
0.77402 0.25864
0.79257 0.26449
0.81210 0.25082
0.81308 0.26547
0.83847 0.26059
0.85116 0.25180
0.86679 0.25766
0.88241 0.26254
0.89609 0.25473
0.90781 0.26352
0.92441 0.26157
0.94101 0.25961
0.95468 0.25278
0.97226 0.25668
0.98788 0.25571
0.00937 0.26865
0.02109 0.27841
0.04159 0.26962
0.05234 0.28036
0.06699 0.26669
0.08456 0.27255
0.10019 0.27353
0.12265 0.27548
0.13632 0.27743
0.14902 0.27060
0.15878 0.27939
0.17245 0.26572
0.18906 0.27646
0.20370 0.27450
0.22519 0.26767
0.23886 0.27157
0.25253 0.26620
0.26718 0.27109
0.28476 0.27304
0.30234 0.27499
0.31699 0.27695
0.33163 0.27011
0.35019 0.27597
0.36972 0.27792
0.38144 0.26913
0.39511 0.28085
0.41171 0.27402
0.42734 0.27206
0.44589 0.27988
0.46542 0.26816
0.48300 0.26718
0.49277 0.27890
0.50741 0.27280
0.51913 0.26694
0.53476 0.26987
0.54941 0.27963
0.56308 0.27475
0.59238 0.27768
0.60507 0.27182
0.62167 0.27670
0.63241 0.26889
0.65390 0.27573
0.67050 0.26791
0.68515 0.27377
0.69980 0.26596
0.70566 0.27866
0.72031 0.28061
0.73495 0.27084
0.75546 0.27035
0.77304 0.27231
0.78769 0.27817
0.80624 0.28012
0.82577 0.26645
0.83749 0.27914
0.85312 0.26742
0.86777 0.27524
0.88144 0.28110
0.89706 0.27426
0.91562 0.27621
0.93417 0.27328
0.95077 0.27719
0.96054 0.26840
0.97812 0.26938
0.99472 0.27133
0.00644 0.28525
0.01913 0.29599
0.03476 0.28427
0.05917 0.29404
0.06991 0.28232
0.08261 0.29013
0.09726 0.28818
0.11191 0.28720
0.12656 0.29306
0.14413 0.29111
0.17148 0.28134
0.18613 0.29208
0.20273 0.28915
0.21835 0.28329
0.23300 0.28622
0.24667 0.29501
0.25351 0.28281
0.27499 0.28574
0.28964 0.29062
0.30331 0.29257
0.31894 0.29159
0.33456 0.28476
0.35800 0.28769
0.37363 0.29452
0.38534 0.28964
0.40097 0.29550
0.41659 0.28866
0.43320 0.28671
0.44882 0.29355
0.46249 0.28378
0.47812 0.28183
0.48593 0.29648
0.50449 0.28940
0.51816 0.28744
0.53574 0.28451
0.56113 0.29233
0.57675 0.28158
0.58066 0.29330
0.60898 0.28842
0.62363 0.29428
0.63827 0.28647
0.65195 0.29135
0.66855 0.28354
0.67441 0.29623
0.69003 0.28549
0.70663 0.29526
0.73007 0.29037
0.74277 0.28256
0.75644 0.28793
0.77109 0.28696
0.78183 0.29574
0.79745 0.28891
0.82284 0.28403
0.84335 0.29282
0.85409 0.28207
0.85995 0.29672
0.87558 0.29379
0.89511 0.28989
0.91269 0.29086
0.93027 0.28598
0.94589 0.29184
0.96152 0.29477
0.96933 0.28305
0.98593 0.28500
0.00156 0.30087
0.02695 0.30673
0.04257 0.29794
0.05527 0.30771
0.07480 0.30185
0.09140 0.30575
0.10800 0.30282
0.12363 0.30868
0.13925 0.30478
0.15097 0.31064
0.16074 0.29697
0.17441 0.29990
0.19296 0.30966
0.20566 0.30380
0.22226 0.29892
0.24472 0.31161
0.25741 0.30820
0.26620 0.29745
0.28281 0.30234
0.30820 0.30624
0.32089 0.31210
0.33261 0.29941
0.34824 0.30038
0.36386 0.30527
0.38046 0.30917
0.39804 0.31015
0.41464 0.30429
0.43124 0.30136
0.45175 0.30722
0.46738 0.29843
0.47714 0.31113
0.49960 0.30331
0.51425 0.30307
0.53085 0.31186
0.53183 0.29819
0.54843 0.29916
0.56699 0.30893
0.58359 0.30600
0.59824 0.29721
0.61093 0.30795
0.62558 0.30991
0.64120 0.30502
0.65878 0.30209
0.68710 0.30014
0.70077 0.31088
0.71640 0.30698
0.73202 0.30405
0.74765 0.30112
0.76523 0.30649
0.77792 0.31137
0.79452 0.30551
0.81015 0.29770
0.82187 0.30844
0.83261 0.29867
0.84921 0.30942
0.87070 0.31039
0.88632 0.30258
0.90585 0.30356
0.92148 0.30160
0.93613 0.30453
0.95273 0.30746
0.96835 0.31235
0.97714 0.29965
0.99374 0.30063
0.01132 0.31357
0.02206 0.32333
0.03964 0.31650
0.05038 0.32529
0.06601 0.31845
0.08066 0.32138
0.09628 0.32040
0.11288 0.31943
0.13241 0.32236
0.15585 0.32431
0.16757 0.31454
0.18222 0.31747
0.19491 0.32626
0.21542 0.31552
0.22812 0.32724
0.23495 0.31259
0.26034 0.32480
0.27402 0.31503
0.29257 0.31308
0.30917 0.32284
0.32773 0.32773
0.33749 0.31406
0.35116 0.31991
0.36581 0.32089
0.37851 0.32577
0.39413 0.32382
0.41074 0.32187
0.42636 0.31894
0.44003 0.31601
0.46152 0.31796
0.47128 0.32675
0.49081 0.31699
0.50839 0.31967
0.52206 0.32065
0.53866 0.32651
0.55038 0.31381
0.56601 0.32553
0.57968 0.31869
0.59726 0.31479
0.61288 0.32358
0.64023 0.32162
0.65488 0.31772
0.66562 0.32748
0.67245 0.31283
0.68808 0.31576
0.70859 0.32455
0.72421 0.32260
0.73886 0.31674
0.75449 0.31625
0.77695 0.32699
0.79159 0.32114
0.80527 0.31430
0.81991 0.32309
0.83652 0.31723
0.85800 0.32211
0.87265 0.32602
0.88827 0.32797
0.89120 0.31528
0.90878 0.31821
0.92343 0.32016
0.94003 0.31918
0.95859 0.32407
0.97616 0.32504
0.98984 0.31332
0.00546 0.32822
0.01816 0.34189
0.03378 0.33212
0.05624 0.33896
0.07089 0.33603
0.08554 0.33700
0.10409 0.33505
0.11972 0.33407
0.13437 0.33798
0.14804 0.33310
0.16366 0.34091
0.17636 0.33115
0.19589 0.34286
0.21054 0.32919
0.23202 0.33993
0.24765 0.33017
0.26425 0.33945
0.28085 0.34042
0.28183 0.32870
0.29745 0.33163
0.31406 0.33749
0.33066 0.34335
0.34433 0.33359
0.36093 0.33456
0.38925 0.33847
0.40585 0.33652
0.42148 0.33261
0.43613 0.33554
0.44980 0.32968
0.45956 0.34140
0.48398 0.34238
0.48886 0.33066
0.50546 0.33432
0.52109 0.33627
0.53671 0.34311
0.55331 0.33334
0.57187 0.34018
0.58847 0.32944
0.60214 0.33530
0.61874 0.33920
0.62949 0.32846
0.64999 0.33725
0.66757 0.34213
0.67929 0.33237
0.69589 0.33041
0.71835 0.33823
0.73300 0.34116
0.74472 0.33139
0.76230 0.32895
0.76816 0.34360
0.78671 0.34067
0.80136 0.33188
0.81503 0.33774
0.82968 0.33578
0.84531 0.33090
0.86093 0.33969
0.87656 0.34262
0.90488 0.33285
0.91855 0.33871
0.93124 0.33481
0.94784 0.33383
0.96542 0.33676
0.98202 0.34164
0.99277 0.32992
0.00351 0.35654
0.02304 0.35361
0.04062 0.34482
0.04941 0.35751
0.06503 0.35068
0.07870 0.35458
0.09531 0.34872
0.11386 0.34775
0.12949 0.35263
0.14706 0.34970
0.16659 0.35556
0.17929 0.34579
0.19980 0.35849
0.21249 0.34384
0.22421 0.35165
0.24960 0.34677
0.26230 0.35605
0.27695 0.35214
0.29062 0.35800
0.30038 0.34531
0.31503 0.35507
0.32968 0.35898
0.34726 0.34726
0.37070 0.34433
0.38632 0.35019
0.40292 0.35116
0.41952 0.34824
0.43417 0.35409
0.44784 0.34921
0.46445 0.35702
0.47421 0.34628
0.49472 0.35312
0.51034 0.34897
0.52499 0.35385
0.54452 0.35776
0.55624 0.34799
0.57089 0.35580
0.58652 0.34506
0.60116 0.35190
0.61679 0.35092
0.63534 0.34408
0.64316 0.35678
0.65781 0.35287
0.67831 0.34994
0.69394 0.34604
0.70956 0.34701
0.72324 0.35873
0.73984 0.35483
0.75253 0.34457
0.78085 0.35532
0.79550 0.35922
0.80429 0.34848
0.82480 0.35141
0.84042 0.34653
0.85605 0.35434
0.87363 0.35727
0.89023 0.34555
0.90292 0.34946
0.91366 0.35824
0.92831 0.35239
0.94491 0.34750
0.96347 0.35336
0.97909 0.35629
0.99667 0.35043
0.01425 0.36728
0.02890 0.37411
0.03574 0.36142
0.05722 0.36825
0.07187 0.37021
0.09335 0.36435
0.10898 0.36240
0.12167 0.36923
0.13827 0.36630
0.15488 0.36532
0.17050 0.37118
0.18417 0.36044
0.18808 0.37314
0.21640 0.36337
0.23007 0.37216
0.23788 0.35947
0.25058 0.36581
0.26913 0.36972
0.28378 0.37363
0.30527 0.36386
0.31991 0.37460
0.33554 0.37167
0.34921 0.36093
0.36484 0.35995
0.37656 0.36484
0.39120 0.36777
0.41269 0.36288
0.42343 0.36874
0.44199 0.36679
0.45859 0.37070
0.48105 0.36191
0.49667 0.37265
0.50937 0.36362
0.52597 0.36948
0.53964 0.37143
0.56015 0.36655
0.57480 0.37241
0.58554 0.35971
0.59628 0.37045
0.61191 0.36850
0.62753 0.36264
0.65292 0.36752
0.67148 0.36557
0.68613 0.37436
0.69199 0.36069
0.70761 0.36166
0.71933 0.37338
0.74960 0.36459
0.76425 0.36020
0.76620 0.37289
0.78281 0.36996
0.80820 0.36410
0.82675 0.36508
0.84140 0.36215
0.84628 0.37485
0.86191 0.36801
0.88925 0.36313
0.90390 0.36899
0.92050 0.37387
0.93320 0.36606
0.94980 0.36117
0.95956 0.37192
0.97421 0.37094
0.98886 0.36703
0.00839 0.38095
0.02011 0.38876
0.04550 0.37802
0.06113 0.38486
0.07675 0.38974
0.08359 0.37607
0.10116 0.37704
0.11093 0.38779
0.12558 0.38290
0.14120 0.37997
0.15683 0.37900
0.17831 0.38681
0.19882 0.38193
0.20956 0.37509
0.22128 0.38583
0.23984 0.38388
0.25546 0.37949
0.27109 0.38730
0.28769 0.38827
0.29941 0.37753
0.32382 0.39023
0.33847 0.38632
0.35409 0.37656
0.36777 0.38046
0.38339 0.38241
0.40390 0.37851
0.41757 0.38437
0.43515 0.38144
0.45077 0.38339
0.46640 0.38925
0.47519 0.37558
0.48495 0.38534
0.50156 0.38803
0.51620 0.37826
0.53281 0.38705
0.55136 0.38119
0.56503 0.38412
0.58749 0.38217
0.60605 0.38510
0.62265 0.38022
0.63925 0.37631
0.64902 0.38901
0.65976 0.37924
0.67343 0.38315
0.69101 0.38998
0.70468 0.37729
0.72714 0.38608
0.73788 0.37533
0.75156 0.38168
0.76913 0.38754
0.78574 0.38461
0.79843 0.37778
0.81601 0.37875
0.83163 0.38071
0.85507 0.38949
0.86874 0.38266
0.87949 0.37582
0.89413 0.38364
0.90976 0.38657
0.93710 0.39047
0.94394 0.37680
0.95566 0.38852
0.97128 0.38559
0.99765 0.37973
0.01230 0.40146
0.02792 0.40439
0.03671 0.39072
0.05331 0.39560
0.07382 0.40536
0.09238 0.39169
0.10605 0.40243
0.12070 0.40048
0.13534 0.39755
0.14999 0.39462
0.16464 0.39267
0.17734 0.40341
0.19101 0.39365
0.20663 0.39657
0.22616 0.39853
0.24179 0.39950
0.25644 0.39413
0.27792 0.40292
0.29355 0.40195
0.30722 0.39120
0.31308 0.40390
0.34335 0.39902
0.35702 0.39316
0.37265 0.39609
0.37949 0.40585
0.39316 0.39218
0.40878 0.39706
0.42929 0.39511
0.44491 0.39804
0.46347 0.40488
0.47909 0.39999
0.49570 0.40097
0.51523 0.39389
0.52890 0.40366
0.54550 0.39584
0.56210 0.40268
0.57773 0.39291
0.59042 0.39877
0.60702 0.40170
0.62070 0.39682
0.63437 0.39194
0.64706 0.40561
0.66171 0.39975
0.67538 0.39780
0.69784 0.40463
0.71054 0.39096
0.72519 0.40073
0.74081 0.39487
0.76034 0.39731
0.77988 0.40121
0.79355 0.39828
0.80722 0.39438
0.82382 0.39535
0.83945 0.39340
0.85214 0.40610
0.86972 0.39926
0.88437 0.39633
0.90195 0.40024
0.91757 0.40414
0.92538 0.39242
0.94199 0.40512
0.95663 0.40317
0.97324 0.40219
0.98691 0.39145
0.00253 0.41904
0.01620 0.41708
0.04355 0.40732
0.05136 0.42001
0.06308 0.41122
0.08945 0.40634
0.09433 0.42099
0.10995 0.41611
0.12851 0.41318
0.14511 0.41220
0.16171 0.40829
0.18320 0.41806
0.19394 0.40927
0.21347 0.41025
0.22714 0.41513
0.24277 0.41415
0.25839 0.40781
0.27011 0.41659
0.28866 0.41855
0.30429 0.41562
0.32675 0.40878
0.34042 0.41269
0.35214 0.42148
0.36191 0.41074
0.38827 0.42050
0.39706 0.40683
0.40976 0.41366
0.42831 0.40976
0.44394 0.41171
0.46054 0.41952
0.47616 0.41757
0.49179 0.41464
0.51132 0.40756
0.52304 0.41733
0.54159 0.41440
0.55429 0.40854
0.56406 0.41830
0.58163 0.41147
0.60019 0.41342
0.61484 0.41635
0.63046 0.40951
0.64413 0.41928
0.66659 0.41537
0.68124 0.41049
0.69296 0.42026
0.71347 0.40658
0.73398 0.41244
0.74667 0.42123
0.75058 0.40805
0.77011 0.41293
0.78378 0.41977
0.80038 0.41098
0.81796 0.41000
0.83554 0.40903
0.84433 0.42074
0.86288 0.41782
0.87753 0.41391
0.89316 0.41196
0.91171 0.41879
0.92929 0.41489
0.94687 0.42172
0.96249 0.41684
0.98105 0.41586
0.99179 0.40707
0.00058 0.43564
0.02597 0.42294
0.03769 0.42685
0.05820 0.43661
0.06894 0.42880
0.07968 0.42197
0.10702 0.43271
0.12460 0.42782
0.13730 0.42978
0.15390 0.42587
0.16855 0.42490
0.18027 0.43368
0.19687 0.43466
0.20468 0.42392
0.21933 0.43173
0.23593 0.43075
0.25449 0.42636
0.27206 0.43027
0.28574 0.43515
0.30136 0.43124
0.31601 0.42441
0.33359 0.42734
0.35898 0.43710
0.37167 0.42343
0.37753 0.43613
0.39999 0.42831
0.41562 0.43417
0.42245 0.42245
0.43808 0.42538
0.45468 0.43222
0.47324 0.43320
0.48984 0.42929
0.50644 0.42416
0.52011 0.43198
0.53769 0.42905
0.55820 0.43295
0.57382 0.42709
0.59140 0.43686
0.59531 0.42514
0.60995 0.43393
0.62851 0.42612
0.65585 0.42807
0.66952 0.43491
0.68027 0.43002
0.70273 0.42319
0.71249 0.43588
0.72128 0.42221
0.73593 0.43100
0.76132 0.42563
0.77206 0.43539
0.79648 0.42953
0.80917 0.42465
0.82089 0.43442
0.82870 0.42270
0.85019 0.43344
0.86581 0.43246
0.88339 0.42758
0.89999 0.42856
0.91464 0.43735
0.92636 0.42660
0.93808 0.43637
0.96640 0.43149
0.98300 0.43051
0.99863 0.42367
0.01523 0.43759
0.02988 0.44540
0.04452 0.43954
0.04745 0.45224
0.07284 0.44736
0.08749 0.43857
0.10214 0.44833
0.11874 0.44247
0.13339 0.45126
0.14609 0.44345
0.16269 0.44150
0.17343 0.45029
0.19003 0.44931
0.21152 0.44443
0.22909 0.44638
0.24863 0.44052
0.26327 0.44101
0.27304 0.45175
0.29648 0.44784
0.31113 0.44589
0.32187 0.43906
0.33652 0.44687
0.34628 0.43808
0.37460 0.45077
0.39023 0.44491
0.40488 0.44296
0.42050 0.45273
0.43027 0.44003
0.44296 0.44199
0.45663 0.44980
0.47031 0.44882
0.48788 0.44394
0.50253 0.44174
0.51718 0.44565
0.53378 0.44662
0.54745 0.44076
0.56894 0.45053
0.57870 0.44272
0.60800 0.44955
0.62460 0.43979
0.63730 0.45151
0.64218 0.43783
0.65683 0.44467
0.68320 0.44858
0.69491 0.43881
0.70370 0.45248
0.72226 0.44369
0.73691 0.44760
0.75351 0.44028
0.77597 0.45199
0.78476 0.43832
0.79941 0.44516
0.81406 0.44711
0.83456 0.44223
0.84824 0.45102
0.86484 0.44809
0.88046 0.44418
0.89804 0.44321
0.91074 0.45297
0.92734 0.45004
0.95175 0.43930
0.96445 0.44907
0.98007 0.44614
0.99570 0.44125
0.01327 0.45322
0.02499 0.46103
0.03281 0.46786
0.06210 0.45810
0.07773 0.46689
0.08847 0.45517
0.10312 0.46396
0.11679 0.45712
0.13144 0.46493
0.15292 0.45615
0.16952 0.46298
0.18515 0.46591
0.20175 0.45907
0.21738 0.46005
0.23105 0.46200
0.24570 0.45419
0.25937 0.45956
0.27597 0.46835
0.28671 0.45468
0.30624 0.46347
0.32480 0.45566
0.34140 0.46152
0.35605 0.45370
0.36874 0.46249
0.38730 0.46542
0.40195 0.45761
0.41855 0.46640
0.43710 0.45663
0.45273 0.46445
0.46835 0.46738
0.48202 0.46054
0.49863 0.45859
0.51230 0.46030
0.52695 0.45932
0.54062 0.46616
0.55234 0.45444
0.56796 0.46518
0.58261 0.46323
0.59433 0.45346
0.61972 0.45737
0.63339 0.46713
0.64804 0.46127
0.66464 0.45541
0.67734 0.46225
0.70175 0.46811
0.71542 0.45834
0.72909 0.46420
0.74863 0.45639
0.76327 0.45492
0.77890 0.46762
0.79062 0.45785
0.80331 0.46469
0.81894 0.46078
0.83359 0.45590
0.85702 0.46371
0.87460 0.45883
0.87851 0.46860
0.89218 0.45688
0.91659 0.46664
0.93222 0.46567
0.94296 0.45395
0.95761 0.46274
0.97519 0.46176
0.99081 0.45981
0.01034 0.46982
0.01718 0.48154
0.04648 0.46884
0.04843 0.48251
0.06406 0.47470
0.09042 0.47665
0.10507 0.48056
0.11777 0.47568
0.14023 0.47372
0.15195 0.48349
0.15781 0.47079
0.17538 0.47958
0.19199 0.47861
0.20761 0.47275
0.22324 0.47763
0.24374 0.47177
0.26132 0.47519
0.27890 0.48398
0.29159 0.47031
0.29843 0.48300
0.31796 0.46933
0.32870 0.47812
0.34531 0.47616
0.35995 0.47421
0.37558 0.47714
0.39218 0.48105
0.40683 0.47226
0.42441 0.47909
0.43906 0.47128
0.45761 0.48007
0.48007 0.48202
0.49374 0.47324
0.51327 0.47690
0.52792 0.47494
0.54257 0.48373
0.55527 0.47299
0.57284 0.47787
0.58945 0.47885
0.60312 0.46908
0.61777 0.47397
0.63144 0.48276
0.64609 0.48080
0.66269 0.47201
0.67636 0.47983
0.68906 0.47006
0.71445 0.47592
0.73105 0.48178
0.74179 0.47104
0.75741 0.47153
0.76718 0.47934
0.78964 0.47836
0.81113 0.47641
0.82773 0.47348
0.84238 0.47055
0.84726 0.48422
0.86386 0.47739
0.88730 0.48227
0.89902 0.46957
0.90683 0.48129
0.93515 0.48032
0.94882 0.47250
0.96738 0.47446
0.98398 0.47543
0.99960 0.48324
0.00449 0.49032
0.03085 0.48544
0.03183 0.49911
0.06015 0.49325
0.07577 0.48447
0.08652 0.49521
0.09921 0.49618
0.11581 0.49130
0.13046 0.48740
0.14316 0.49716
0.16562 0.48837
0.18124 0.49423
0.20077 0.48935
0.21445 0.49228
0.23398 0.48642
0.24081 0.49814
0.25156 0.48593
0.26816 0.49277
0.29452 0.49667
0.31210 0.48495
0.32577 0.49765
0.33945 0.49081
0.35507 0.48984
0.36679 0.49472
0.38241 0.49179
0.39609 0.49863
0.40781 0.48788
0.42538 0.49374
0.44101 0.48691
0.45370 0.49570
0.46933 0.48886
0.49765 0.49960
0.50058 0.48666
0.52402 0.49057
0.54355 0.49936
0.55917 0.48959
0.57577 0.49252
0.59335 0.49545
0.60409 0.48471
0.61581 0.49155
0.63632 0.49838
0.65097 0.49741
0.66366 0.48764
0.68222 0.49448
0.69687 0.48569
0.71152 0.49350
0.72616 0.49643
0.74570 0.48862
0.75839 0.49301
0.77499 0.49106
0.78866 0.49692
0.80234 0.48617
0.81699 0.49399
0.83066 0.48813
0.85898 0.49789
0.87167 0.48910
0.88534 0.49887
0.90097 0.49594
0.91952 0.49985
0.92245 0.48520
0.93906 0.49496
0.95370 0.48715
0.97031 0.49008
0.98495 0.49203
0.00717 0.50790
0.01987 0.50595
0.04623 0.50009
0.05795 0.50986
0.07260 0.50107
0.08530 0.51181
0.09897 0.51376
0.11362 0.50888
0.12729 0.50400
0.15268 0.51279
0.16342 0.50302
0.17709 0.51083
0.19174 0.50497
0.20639 0.50693
0.22690 0.50204
0.24350 0.51474
0.25619 0.50449
0.26987 0.51132
0.28354 0.50253
0.30209 0.51327
0.31283 0.50156
0.33432 0.51230
0.34604 0.50644
0.36166 0.51034
0.37826 0.50839
0.39291 0.51523
0.41244 0.50351
0.43588 0.50546
0.44955 0.50937
0.46811 0.50741
0.48178 0.50058
0.48569 0.51425
0.51205 0.50033
0.51596 0.51205
0.53158 0.50717
0.55698 0.50522
0.57358 0.50619
0.59018 0.51010
0.60580 0.50815
0.62241 0.50424
0.63412 0.51498
0.65073 0.51401
0.66537 0.50131
0.68100 0.51108
0.69565 0.50229
0.70932 0.50912
0.72494 0.51303
0.73862 0.50326
0.75326 0.50961
0.76889 0.50668
0.78647 0.51157
0.80502 0.50278
0.82065 0.51547
0.83041 0.50473
0.84506 0.50082
0.86166 0.51449
0.87533 0.50864
0.89389 0.51352
0.90854 0.51059
0.93198 0.50766
0.94662 0.51254
0.95737 0.50180
0.97592 0.50571
0.99448 0.50375
0.00131 0.52255
0.01889 0.52450
0.03158 0.51669
0.04819 0.52157
0.07065 0.51962
0.08920 0.52743
0.10580 0.52646
0.12338 0.52353
0.13803 0.51572
0.15366 0.53036
0.16635 0.52548
0.17807 0.52939
0.19272 0.52060
0.21420 0.51865
0.22885 0.51767
0.23764 0.52841
0.25815 0.52304
0.27182 0.52792
0.28647 0.51816
0.31186 0.52988
0.31869 0.51718
0.33041 0.52890
0.34701 0.52402
0.36459 0.52597
0.37924 0.52499
0.40561 0.51913
0.42123 0.51620
0.42319 0.53085
0.43783 0.52206
0.45932 0.52109
0.48080 0.52695
0.49838 0.52011
0.51401 0.52670
0.52963 0.52475
0.54428 0.51596
0.54721 0.53061
0.56381 0.51791
0.57846 0.52280
0.59506 0.52182
0.61752 0.51987
0.63901 0.52573
0.65561 0.52963
0.66733 0.51694
0.67612 0.52866
0.69272 0.52084
0.70737 0.52377
0.72397 0.52768
0.74057 0.51889
0.76108 0.52231
0.77768 0.52133
0.78744 0.52914
0.80112 0.51840
0.81869 0.53012
0.83334 0.52524
0.84701 0.51645
0.86850 0.52719
0.88608 0.52328
0.90463 0.52817
0.91928 0.51938
0.93491 0.52426
0.95053 0.52621
0.96713 0.53110
0.96908 0.51742
0.98666 0.52035
0.01401 0.53915
0.02866 0.53427
0.04428 0.53525
0.06186 0.53329
0.07553 0.53720
0.09018 0.54306
0.10385 0.54404
0.11655 0.53818
0.12924 0.54111
0.14096 0.53232
0.15854 0.54599
0.18491 0.54208
0.20053 0.53134
0.20932 0.54013
0.22201 0.53622
0.23666 0.54501
0.25229 0.53671
0.27963 0.53769
0.29623 0.54550
0.29721 0.53183
0.31967 0.54159
0.33725 0.54257
0.35287 0.53866
0.36948 0.53964
0.38901 0.53574
0.40463 0.53281
0.41830 0.54648
0.43393 0.54452
0.44565 0.53378
0.46030 0.53476
0.47494 0.54062
0.48959 0.54355
0.50131 0.53549
0.51889 0.54135
0.53451 0.54037
0.56186 0.53256
0.56283 0.54623
0.58725 0.53744
0.60483 0.53158
0.61264 0.54330
0.62631 0.53451
0.64487 0.53940
0.66342 0.54428
0.67905 0.54233
0.69467 0.53647
0.71225 0.53842
0.72983 0.54526
0.73959 0.53354
0.75522 0.53598
0.77084 0.53891
0.79135 0.54477
0.80307 0.53305
0.82358 0.54574
0.83823 0.53989
0.85190 0.53207
0.86362 0.54379
0.87826 0.53793
0.89584 0.54086
0.92123 0.54672
0.92221 0.53403
0.93881 0.54184
0.95444 0.54282
0.98178 0.53500
0.99838 0.53696
0.00522 0.55478
0.02084 0.55380
0.03549 0.54990
0.04916 0.55185
0.06381 0.54892
0.08041 0.55575
0.09701 0.55771
0.11459 0.55673
0.13022 0.55868
0.14389 0.54794
0.17026 0.54697
0.18686 0.56064
0.19760 0.55087
0.21811 0.55282
0.22299 0.56161
0.23862 0.55966
0.25326 0.55234
0.26694 0.54745
0.28549 0.55136
0.30893 0.55527
0.32553 0.55722
0.33823 0.56113
0.35385 0.55331
0.36850 0.55624
0.38412 0.54941
0.40268 0.54843
0.40951 0.56210
0.42807 0.55820
0.44662 0.55429
0.46127 0.55038
0.47299 0.56015
0.48862 0.55917
0.50424 0.55405
0.51791 0.55991
0.53256 0.55698
0.54819 0.54916
0.57553 0.54721
0.57944 0.55795
0.59897 0.54819
0.61557 0.56088
0.62924 0.55112
0.64682 0.55307
0.65854 0.56186
0.67416 0.55893
0.68979 0.55600
0.70346 0.55209
0.72006 0.55502
0.74741 0.55014
0.76205 0.55258
0.78061 0.55356
0.79623 0.56235
0.80698 0.54770
0.81283 0.55942
0.83920 0.55649
0.85287 0.55453
0.86948 0.55746
0.88315 0.55160
0.89487 0.56039
0.90756 0.54965
0.93686 0.55551
0.95151 0.55844
0.96811 0.55063
0.98373 0.54867
0.98569 0.56137
0.01205 0.56747
0.02768 0.56845
0.04330 0.56650
0.05991 0.56552
0.07162 0.57040
0.08725 0.57138
0.10483 0.56943
0.11948 0.57529
0.13412 0.57431
0.14877 0.56259
0.16147 0.57333
0.17319 0.56357
0.20248 0.57724
0.20737 0.56454
0.23178 0.57626
0.24936 0.57236
0.26401 0.56601
0.27866 0.56406
0.29526 0.56503
0.30405 0.57773
0.31674 0.57187
0.33237 0.57675
0.35092 0.56894
0.36655 0.57284
0.38217 0.56796
0.39487 0.56308
0.41733 0.57480
0.43100 0.57382
0.44272 0.56991
0.45834 0.56699
0.47983 0.57577
0.49643 0.57089
0.51108 0.57553
0.52866 0.57260
0.54623 0.56674
0.56088 0.56381
0.57260 0.57455
0.58920 0.56576
0.60190 0.56479
0.61362 0.57748
0.62729 0.56967
0.64194 0.56772
0.66928 0.57651
0.68491 0.57162
0.69858 0.57358
0.71127 0.56869
0.72787 0.57065
0.73666 0.56283
0.75424 0.56821
0.77182 0.56528
0.78451 0.57407
0.81186 0.57602
0.82651 0.56332
0.82846 0.57797
0.84408 0.57309
0.86069 0.56918
0.87924 0.57114
0.89780 0.57699
0.91147 0.56430
0.92514 0.56625
0.94076 0.57211
0.95541 0.57504
0.97006 0.56723
0.99741 0.57016
0.01010 0.58212
0.02280 0.59189
0.03451 0.58310
0.05112 0.58115
0.06674 0.58505
0.08237 0.58603
0.09799 0.58407
0.11557 0.58993
0.13315 0.58896
0.14780 0.57919
0.15658 0.59286
0.17514 0.58017
0.18881 0.57822
0.21030 0.59091
0.22397 0.58798
0.24252 0.58700
0.26010 0.58554
0.27280 0.57968
0.28842 0.58066
0.30112 0.59335
0.31576 0.59140
0.32944 0.59238
0.34799 0.58359
0.36362 0.58749
0.38022 0.58261
0.39682 0.57870
0.40658 0.58945
0.42416 0.59042
0.44174 0.58847
0.45639 0.58163
0.47104 0.58652
0.49545 0.58456
0.50815 0.59311
0.52377 0.58725
0.54037 0.58237
0.55600 0.58041
0.56967 0.59116
0.58530 0.58139
0.59994 0.58334
0.62045 0.59018
0.63705 0.58432
0.65366 0.57846
0.66440 0.59213
0.68002 0.58920
0.69760 0.58823
0.71420 0.58530
0.73080 0.58627
0.74448 0.57944
0.75619 0.58871
0.76791 0.57992
0.78158 0.58969
0.79721 0.58285
0.81479 0.59067
0.84116 0.59262
0.85483 0.58383
0.87045 0.58481
0.88705 0.58676
0.90268 0.59360
0.91440 0.58090
0.93100 0.58188
0.94272 0.59164
0.96323 0.58774
0.97885 0.57895
0.99252 0.58578
0.00424 0.59579
0.01791 0.60654
0.04135 0.59677
0.05698 0.59872
0.07358 0.60263
0.08823 0.60165
0.10287 0.59775
0.11069 0.60849
0.12533 0.60361
0.14291 0.59970
0.17123 0.59384
0.18100 0.60556
0.19369 0.59482
0.20444 0.60751
0.21908 0.60458
0.23569 0.60068
0.25131 0.60214
0.26889 0.59824
0.28451 0.59531
0.30014 0.60702
0.31479 0.60898
0.34116 0.59921
0.35678 0.60116
0.37436 0.60019
0.38998 0.59433
0.39877 0.60605
0.41537 0.60312
0.42709 0.60800
0.44076 0.60507
0.45541 0.59726
0.47592 0.60409
0.48764 0.59628
0.50522 0.60776
0.52280 0.60678
0.53549 0.59897
0.55014 0.59506
0.56479 0.60385
0.58627 0.59604
0.60287 0.59799
0.61850 0.60580
0.63510 0.59994
0.64975 0.59408
0.65756 0.60873
0.67319 0.60483
0.69076 0.60287
0.70834 0.60092
0.72299 0.60190
0.74252 0.59701
0.75131 0.60922
0.76694 0.59750
0.78549 0.60434
0.80014 0.59848
0.81381 0.60629
0.82944 0.59946
0.84799 0.60824
0.85971 0.59653
0.87631 0.60043
0.89096 0.60336
0.91244 0.60532
0.92319 0.59555
0.95248 0.60141
0.96616 0.60727
0.97787 0.59457
0.99155 0.60239
0.00229 0.61142
0.02182 0.62216
0.03256 0.61044
0.05014 0.61337
0.06576 0.61630
0.08627 0.61532
0.10190 0.62118
0.12045 0.62021
0.13705 0.61923
0.15073 0.61240
0.16537 0.60947
0.17416 0.62411
0.18979 0.61728
0.21713 0.62314
0.23080 0.61435
0.24545 0.61825
0.26205 0.61484
0.28061 0.62167
0.28158 0.60995
0.29916 0.62070
0.32748 0.61093
0.34213 0.62265
0.35190 0.61581
0.36752 0.61679
0.38608 0.61288
0.39780 0.62460
0.41342 0.61874
0.43002 0.62363
0.44858 0.61777
0.46323 0.61191
0.47787 0.61972
0.49252 0.61386
0.51498 0.62338
0.53061 0.62045
0.54526 0.61069
0.55991 0.61850
0.57651 0.61459
0.59116 0.60971
0.60385 0.61557
0.62436 0.61948
0.63998 0.61166
0.64096 0.62436
0.67123 0.62143
0.68686 0.61752
0.70248 0.61362
0.71811 0.61655
0.73373 0.61264
0.74936 0.62241
0.76401 0.62485
0.76987 0.61215
0.78256 0.62289
0.79916 0.61703
0.81772 0.62192
0.83139 0.61508
0.85385 0.62387
0.86557 0.61410
0.88217 0.61606
0.89975 0.61801
0.92026 0.62094
0.92905 0.61020
0.94174 0.61117
0.95639 0.61996
0.98080 0.61313
0.99545 0.61899
0.00815 0.62802
0.02670 0.63681
0.03744 0.62607
0.05307 0.62997
0.06772 0.63388
0.08139 0.62900
0.09604 0.63583
0.11166 0.63290
0.12826 0.63193
0.15561 0.63974
0.15756 0.62704
0.18393 0.63486
0.19858 0.63779
0.20346 0.62509
0.22983 0.63095
0.24057 0.63876
0.25424 0.63241
0.26791 0.62949
0.29135 0.63534
0.31088 0.62851
0.32260 0.63632
0.32846 0.62558
0.35873 0.63046
0.37241 0.63827
0.38119 0.62656
0.39096 0.63925
0.41635 0.63339
0.43295 0.64023
0.44369 0.63144
0.46225 0.62753
0.48276 0.63437
0.49936 0.63730
0.50033 0.62533
0.52182 0.63705
0.54330 0.62826
0.55893 0.63315
0.57455 0.63608
0.58823 0.62631
0.59408 0.63901
0.61069 0.62924
0.63315 0.63510
0.65463 0.63998
0.65658 0.62729
0.68295 0.63412
0.69955 0.63119
0.71616 0.63217
0.73178 0.63022
0.74350 0.63803
0.75912 0.63852
0.77670 0.63754
0.79330 0.63461
0.80600 0.63168
0.82162 0.63559
0.83725 0.62778
0.84897 0.63949
0.87241 0.62875
0.88998 0.63071
0.90561 0.64047
0.91049 0.62973
0.92612 0.63657
0.93979 0.62680
0.96030 0.63364
0.97397 0.62582
0.98959 0.63266
0.01303 0.64462
0.02377 0.65439
0.04037 0.64365
0.05600 0.64657
0.07748 0.64560
0.09311 0.65048
0.10873 0.64950
0.12241 0.64853
0.13901 0.65146
0.14194 0.64072
0.16928 0.64169
0.18588 0.65243
0.20151 0.65536
0.21225 0.64267
0.22494 0.64755
0.24838 0.65341
0.26108 0.64902
0.27475 0.64316
0.29330 0.64999
0.30698 0.64609
0.32651 0.65097
0.34311 0.64120
0.34408 0.65488
0.35971 0.64804
0.37729 0.65292
0.40366 0.64413
0.40854 0.65585
0.42221 0.65195
0.45151 0.64511
0.46713 0.64218
0.47397 0.65390
0.49057 0.64706
0.50912 0.65073
0.52670 0.65268
0.53647 0.64194
0.55112 0.64487
0.56576 0.64975
0.58139 0.65170
0.60776 0.64291
0.61459 0.65463
0.62533 0.64389
0.64291 0.64877
0.67026 0.64096
0.67709 0.65561
0.68881 0.64682
0.70541 0.64584
0.72201 0.64780
0.73569 0.65366
0.75033 0.65219
0.76596 0.65317
0.78354 0.65024
0.80405 0.64828
0.82260 0.65121
0.83627 0.64535
0.85873 0.64145
0.86752 0.65512
0.87729 0.64340
0.89194 0.64633
0.90658 0.65610
0.93393 0.64731
0.94760 0.64242
0.96127 0.65414
0.97201 0.64438
0.98471 0.64926
0.00912 0.66122
0.02475 0.67001
0.03647 0.65927
0.05209 0.66415
0.06869 0.65732
0.08334 0.66513
0.10092 0.66611
0.11752 0.66708
0.13119 0.66318
0.15170 0.65829
0.16830 0.65634
0.17221 0.67099
0.18783 0.66806
0.21518 0.66220
0.23373 0.66025
0.24643 0.66904
0.26498 0.66562
0.27768 0.65683
0.28256 0.67148
0.29819 0.66269
0.31381 0.66074
0.33139 0.66366
0.34506 0.67050
0.36069 0.66464
0.37533 0.66659
0.39194 0.65976
0.41928 0.66757
0.43686 0.65781
0.45248 0.65878
0.46420 0.66952
0.47885 0.66855
0.49350 0.66171
0.50619 0.66928
0.51987 0.66537
0.54233 0.65854
0.55795 0.66342
0.57748 0.66440
0.59213 0.67123
0.59604 0.65658
0.60971 0.66830
0.62826 0.66049
0.64780 0.66244
0.66147 0.65756
0.67807 0.67026
0.69662 0.65951
0.71323 0.66147
0.72885 0.66733
0.74838 0.66635
0.76303 0.66879
0.77866 0.66684
0.79526 0.66098
0.80893 0.66977
0.81576 0.66196
0.83530 0.66489
0.84994 0.65805
0.86655 0.66782
0.88510 0.66000
0.89682 0.67172
0.91733 0.65707
0.93002 0.66586
0.94565 0.65903
0.95346 0.67074
0.97104 0.66391
0.98862 0.66293
0.01108 0.67880
0.02573 0.68661
0.03842 0.67685
0.05502 0.68271
0.06479 0.67294
0.07846 0.68173
0.09408 0.67782
0.11264 0.67978
0.13608 0.67587
0.15463 0.67197
0.16244 0.68564
0.17905 0.68368
0.19955 0.67490
0.21323 0.68075
0.22787 0.67392
0.23959 0.68466
0.25717 0.67929
0.27573 0.68515
0.29428 0.68124
0.30795 0.67538
0.32162 0.67636
0.33530 0.68417
0.34994 0.68613
0.36557 0.68027
0.38315 0.67831
0.39975 0.67245
0.41147 0.68222
0.43198 0.67441
0.44760 0.67343
0.45444 0.68710
0.47006 0.68320
0.49155 0.67734
0.50326 0.68588
0.52084 0.68491
0.53354 0.67221
0.54916 0.67612
0.56674 0.67807
0.58237 0.68393
0.60678 0.68295
0.62143 0.67905
0.63803 0.67319
0.65170 0.68100
0.66244 0.67416
0.67221 0.68686
0.69369 0.67514
0.71030 0.67709
0.72592 0.68198
0.74155 0.68002
0.75815 0.68539
0.77377 0.68246
0.78940 0.67660
0.80209 0.68344
0.81967 0.68149
0.83432 0.67953
0.85092 0.67367
0.86264 0.68442
0.88022 0.67465
0.89291 0.68637
0.91537 0.67270
0.93588 0.67758
0.94955 0.68735
0.96420 0.68051
0.97983 0.67856
0.99643 0.67563
0.00619 0.69345
0.03061 0.70224
0.04233 0.69150
0.06088 0.69931
0.07455 0.69540
0.09213 0.69443
0.10678 0.69247
0.11850 0.70126
0.12631 0.68759
0.14584 0.68857
0.16440 0.70029
0.18295 0.69736
0.19662 0.68954
0.21127 0.69833
0.22592 0.69052
0.24741 0.69638
0.26303 0.69296
0.27670 0.70175
0.29233 0.69589
0.30991 0.69101
0.32358 0.69491
0.33920 0.70077
0.35776 0.69980
0.37338 0.69394
0.38705 0.69882
0.39584 0.68808
0.41440 0.69687
0.42612 0.68906
0.43979 0.69003
0.46616 0.69784
0.48373 0.69199
0.49448 0.70273
0.51010 0.69858
0.52573 0.70053
0.53744 0.68881
0.55307 0.69076
0.56772 0.69369
0.58041 0.70151
0.59799 0.69272
0.61948 0.69565
0.63608 0.68783
0.64584 0.69955
0.66049 0.69662
0.68588 0.68979
0.70151 0.69174
0.71518 0.69467
0.72690 0.70248
0.73764 0.69760
0.75229 0.69907
0.77573 0.69711
0.79037 0.69321
0.81088 0.69809
0.82748 0.69516
0.84311 0.69028
0.85678 0.70297
0.87436 0.69125
0.88412 0.70102
0.90073 0.70199
0.90951 0.68930
0.92416 0.68832
0.93783 0.69614
0.96225 0.70004
0.97494 0.69418
0.99057 0.69223
0.00326 0.71396
0.01694 0.70419
0.04526 0.70712
0.05405 0.71689
0.06967 0.71298
0.08432 0.71005
0.09994 0.70810
0.12436 0.71786
0.13217 0.70322
0.14682 0.70517
0.15951 0.71591
0.17612 0.71103
0.19467 0.70907
0.20834 0.71493
0.22104 0.71200
0.23471 0.70615
0.25033 0.71347
0.26596 0.70859
0.28940 0.71249
0.30307 0.70663
0.31772 0.70956
0.34018 0.71445
0.35483 0.71542
0.37143 0.71054
0.38803 0.71640
0.40170 0.70468
0.42026 0.71152
0.43491 0.70566
0.45053 0.70370
0.45737 0.71738
0.47690 0.70761
0.48666 0.71835
0.50717 0.71420
0.52475 0.71616
0.53940 0.70932
0.55209 0.70346
0.56869 0.71127
0.59311 0.70834
0.60092 0.71713
0.61166 0.70541
0.63217 0.70639
0.65268 0.71225
0.66830 0.71030
0.68198 0.70444
0.70053 0.70737
0.71713 0.71323
0.73276 0.71811
0.74643 0.71518
0.76498 0.70785
0.77963 0.71664
0.79233 0.70883
0.80991 0.71274
0.82455 0.71078
0.84018 0.70492
0.84604 0.71860
0.87143 0.70981
0.88803 0.71567
0.90170 0.71469
0.91830 0.70395
0.93295 0.71371
0.94858 0.70590
0.95834 0.71762
0.97299 0.71176
0.98764 0.70688
0.01498 0.71982
0.01596 0.73349
0.03354 0.72177
0.04721 0.73251
0.06283 0.73154
0.07944 0.72568
0.09506 0.72372
0.10971 0.72079
0.13998 0.71884
0.14975 0.73056
0.16733 0.72958
0.18198 0.72275
0.19565 0.72763
0.21616 0.72665
0.23276 0.72861
0.24448 0.72470
0.25912 0.73300
0.27084 0.72128
0.28744 0.72519
0.30502 0.72421
0.32455 0.72031
0.33627 0.73202
0.34897 0.73398
0.36264 0.72909
0.37631 0.72616
0.39389 0.73007
0.40756 0.71933
0.42514 0.72714
0.43881 0.72226
0.45346 0.73105
0.47201 0.72324
0.49741 0.72812
0.51303 0.73080
0.52768 0.73276
0.54135 0.72592
0.55405 0.72104
0.57065 0.72885
0.58334 0.72201
0.60873 0.73373
0.61655 0.72397
0.63022 0.72006
0.64389 0.72690
0.65951 0.72494
0.67514 0.72787
0.68783 0.71908
0.70444 0.72299
0.72104 0.72983
0.74545 0.73178
0.76010 0.72250
0.77280 0.73032
0.78842 0.73324
0.79819 0.72348
0.81674 0.72739
0.83237 0.72641
0.85776 0.71957
0.86459 0.73227
0.88119 0.72836
0.89877 0.73129
0.91635 0.72055
0.92807 0.72934
0.94467 0.72446
0.95932 0.73422
0.97690 0.72543
0.99350 0.72153
0.00033 0.74228
0.02963 0.73642
0.03940 0.74716
0.05893 0.74618
0.07651 0.74423
0.09116 0.73935
0.10776 0.73740
0.12143 0.73447
0.13510 0.73544
0.14487 0.74814
0.16049 0.74521
0.18002 0.73837
0.19076 0.74911
0.20541 0.74032
0.22006 0.74325
0.24155 0.74130
0.25522 0.74667
0.27377 0.73886
0.29037 0.74081
0.30600 0.73984
0.32065 0.73691
0.33334 0.74863
0.35580 0.74765
0.37045 0.74472
0.38510 0.74277
0.40073 0.74570
0.41049 0.73495
0.42905 0.74179
0.44467 0.74374
0.46518 0.73788
0.46908 0.74960
0.48471 0.73593
0.50229 0.74448
0.51694 0.74838
0.53842 0.74350
0.55502 0.73666
0.57162 0.74545
0.58432 0.74057
0.59701 0.73471
0.62338 0.74741
0.63119 0.73764
0.64877 0.74252
0.66635 0.73959
0.68393 0.74936
0.69174 0.73569
0.70639 0.73862
0.71908 0.74643
0.73471 0.74155
0.75717 0.74106
0.77475 0.74496
0.79428 0.74789
0.80795 0.73813
0.82553 0.74301
0.84213 0.73617
0.85580 0.74887
0.87338 0.74203
0.88901 0.74399
0.90366 0.74985
0.91342 0.73715
0.92709 0.74692
0.94369 0.74008
0.96518 0.74594
0.98276 0.73910
0.99936 0.73520
0.01059 0.75400
0.02426 0.75302
0.03305 0.76376
0.04867 0.76083
0.07114 0.75790
0.08578 0.75888
0.10043 0.75009
0.11508 0.75693
0.12875 0.75107
0.14438 0.76279
0.16098 0.75986
0.17563 0.75497
0.20297 0.75595
0.21860 0.76181
0.23324 0.75204
0.23520 0.76474
0.25278 0.76230
0.26840 0.75546
0.28305 0.75351
0.29965 0.75449
0.31625 0.75253
0.32992 0.76425
0.34555 0.75937
0.36606 0.76034
0.38559 0.75741
0.40317 0.76132
0.41684 0.75156
0.43246 0.75644
0.44809 0.75839
0.45981 0.76327
0.48422 0.76523
0.48715 0.75058
0.50180 0.76205
0.53012 0.75619
0.54574 0.76108
0.55551 0.75033
0.56528 0.76401
0.58090 0.75815
0.59750 0.75229
0.61117 0.75717
0.63559 0.75522
0.65121 0.76010
0.66489 0.75326
0.67563 0.76303
0.70297 0.76498
0.70395 0.75131
0.72641 0.75912
0.74399 0.75424
0.75961 0.75473
0.78012 0.75766
0.79672 0.76059
0.81137 0.75180
0.82309 0.76254
0.83871 0.75082
0.84750 0.76352
0.87289 0.75571
0.88754 0.75961
0.90317 0.76449
0.91782 0.75668
0.93735 0.75864
0.95102 0.75375
0.96664 0.76157
0.98032 0.75278
0.98617 0.76547
0.01547 0.76962
0.02621 0.77939
0.04379 0.77646
0.06039 0.76767
0.07699 0.77255
0.09360 0.77841
0.10141 0.76669
0.11410 0.77450
0.12778 0.76865
0.14145 0.77548
0.15707 0.77353
0.17660 0.77060
0.19125 0.76572
0.20590 0.77157
0.23422 0.78036
0.24887 0.77743
0.26547 0.77304
0.28110 0.77011
0.29672 0.76913
0.31235 0.76816
0.32407 0.77890
0.33969 0.77695
0.35336 0.77206
0.36801 0.77597
0.38364 0.77109
0.40024 0.77499
0.42074 0.76718
0.43539 0.77402
0.45004 0.77792
0.46762 0.77988
0.47348 0.76620
0.48520 0.78085
0.51254 0.77963
0.51742 0.76694
0.53305 0.77182
0.55356 0.77573
0.57699 0.77670
0.59164 0.76889
0.60824 0.77475
0.62387 0.76987
0.63949 0.77084
0.64340 0.78061
0.66196 0.77280
0.68637 0.76596
0.69516 0.77866
0.71469 0.77768
0.73032 0.77377
0.74594 0.76791
0.75473 0.78012
0.76742 0.76840
0.78403 0.77328
0.80649 0.76938
0.81625 0.78110
0.83578 0.77231
0.85336 0.77914
0.86215 0.76645
0.87680 0.77426
0.89242 0.77817
0.91000 0.77621
0.92660 0.77035
0.94125 0.77524
0.95492 0.77133
0.97641 0.77719
0.99985 0.76742
0.00766 0.78525
0.02231 0.79404
0.04086 0.79306
0.05453 0.78329
0.06918 0.78818
0.08383 0.79013
0.10434 0.79208
0.12094 0.78720
0.13754 0.78915
0.15121 0.79111
0.16782 0.78427
0.17856 0.79501
0.19028 0.78232
0.20492 0.78622
0.22055 0.78134
0.24399 0.79599
0.26059 0.78964
0.27621 0.78671
0.29086 0.78378
0.30844 0.78476
0.32016 0.79550
0.33774 0.79159
0.35532 0.78866
0.37387 0.79062
0.39047 0.78574
0.40121 0.79648
0.41293 0.78183
0.42660 0.78769
0.44125 0.79257
0.45883 0.79355
0.47446 0.79452
0.49985 0.78281
0.51547 0.79623
0.52719 0.78647
0.54282 0.78549
0.55649 0.79135
0.57114 0.78842
0.59262 0.78256
0.60727 0.79233
0.62094 0.78354
0.63168 0.79428
0.65610 0.78744
0.66977 0.79526
0.67758 0.78158
0.68930 0.79330
0.70590 0.79037
0.72446 0.78940
0.74203 0.78451
0.76254 0.79574
0.77133 0.78305
0.78696 0.78891
0.79965 0.78598
0.82797 0.79672
0.82992 0.78500
0.84555 0.79184
0.86606 0.78696
0.88364 0.79086
0.90121 0.79379
0.91684 0.78989
0.93149 0.78793
0.94907 0.79282
0.96469 0.78403
0.97836 0.79477
0.99301 0.78207
0.00082 0.80868
0.01645 0.80771
0.03598 0.80478
0.05746 0.79892
0.06625 0.81161
0.07895 0.80380
0.09457 0.80185
0.11703 0.80673
0.13071 0.80282
0.14633 0.80575
0.16391 0.79990
0.18344 0.81064
0.19321 0.79794
0.21176 0.80087
0.22543 0.79697
0.24008 0.80966
0.26157 0.80331
0.27817 0.80136
0.29477 0.79843
0.30453 0.80624
0.31723 0.81113
0.33188 0.80722
0.34848 0.80234
0.36508 0.80429
0.38266 0.80038
0.39633 0.81210
0.41586 0.79941
0.42953 0.80527
0.44516 0.80820
0.46078 0.80917
0.47836 0.81015
0.49106 0.79745
0.50571 0.80209
0.52621 0.80991
0.53891 0.80014
0.55844 0.80600
0.57407 0.80405
0.58578 0.79721
0.60141 0.80698
0.61801 0.80307
0.63071 0.81088
0.64828 0.79916
0.66293 0.80893
0.68149 0.80502
0.70004 0.80795
0.71567 0.80112
0.73129 0.81186
0.73715 0.79819
0.75180 0.80551
0.76840 0.80746
0.78305 0.80160
0.81039 0.81039
0.81332 0.79770
0.84262 0.80844
0.85922 0.80063
0.87485 0.80258
0.89047 0.80649
0.90512 0.80942
0.91977 0.80453
0.93442 0.80356
0.94614 0.81137
0.96567 0.79867
0.97739 0.81235
0.99106 0.79965
0.00278 0.82333
0.01840 0.82626
0.03207 0.81845
0.05063 0.81552
0.07309 0.82529
0.08871 0.81943
0.10629 0.81454
0.12192 0.82724
0.13559 0.82040
0.15414 0.81650
0.16879 0.81747
0.18539 0.82138
0.20004 0.81357
0.20883 0.82431
0.22250 0.81259
0.23715 0.82236
0.25473 0.81699
0.27231 0.81894
0.28891 0.81503
0.30649 0.82382
0.32309 0.82577
0.34067 0.81991
0.35629 0.81796
0.36899 0.82675
0.38071 0.81601
0.40219 0.82773
0.41098 0.81308
0.42367 0.82089
0.43930 0.82187
0.45492 0.82480
0.47153 0.82284
0.49399 0.81406
0.51157 0.81674
0.52328 0.82651
0.54477 0.81381
0.56137 0.82260
0.57504 0.82065
0.58871 0.81283
0.60239 0.82455
0.61508 0.81869
0.63461 0.82553
0.64633 0.81479
0.65707 0.82358
0.67465 0.82162
0.68832 0.81772
0.71664 0.81576
0.73422 0.82748
0.74887 0.81967
0.76449 0.82016
0.78110 0.81723
0.79574 0.81332
0.80746 0.82504
0.82602 0.81528
0.83676 0.82602
0.85043 0.82407
0.86313 0.81625
0.87875 0.81821
0.89535 0.82309
0.91293 0.82114
0.92856 0.81918
0.95297 0.82699
0.96176 0.81430
0.97153 0.82797
0.98910 0.82211
0.00668 0.83896
0.02719 0.84091
0.03989 0.82919
0.05844 0.83017
0.07602 0.84189
0.09067 0.83310
0.10532 0.82822
0.11899 0.84286
0.13461 0.83798
0.14731 0.83115
0.16000 0.83603
0.17367 0.83407
0.19223 0.83505
0.20688 0.83993
0.22348 0.83212
0.24203 0.83700
0.25864 0.82968
0.27426 0.83652
0.28793 0.83066
0.30160 0.83847
0.31918 0.84140
0.33578 0.83456
0.35434 0.83261
0.36996 0.84238
0.38461 0.83163
0.39438 0.84335
0.41489 0.83554
0.43051 0.83749
0.44711 0.84042
0.46371 0.83945
0.48129 0.83359
0.49594 0.82870
0.50961 0.83432
0.53110 0.84213
0.53696 0.82846
0.54965 0.83530
0.57211 0.83627
0.58774 0.83041
0.60532 0.84018
0.62192 0.83334
0.63852 0.83823
0.65512 0.83920
0.66879 0.83725
0.68246 0.84311
0.69125 0.83237
0.70688 0.82944
0.72055 0.83139
0.74301 0.84116
0.75571 0.83285
0.77524 0.83383
0.79282 0.82992
0.80356 0.84067
0.82114 0.83188
0.83285 0.84164
0.84946 0.83774
0.86801 0.83090
0.88559 0.83481
0.90414 0.83578
0.91879 0.83676
0.93344 0.84262
0.93930 0.82895
0.95395 0.84360
0.98227 0.83969
0.99594 0.83871
0.01449 0.85165
0.03012 0.85654
0.04477 0.84384
0.05551 0.85751
0.06332 0.84579
0.08676 0.85068
0.10239 0.84482
0.11996 0.85849
0.13657 0.85556
0.14926 0.84872
0.16489 0.85361
0.18149 0.84677
0.19516 0.85263
0.21469 0.84970
0.23129 0.84775
0.24594 0.85458
0.25766 0.84433
0.27133 0.85507
0.28598 0.84726
0.30356 0.85312
0.32211 0.85800
0.33285 0.85019
0.34750 0.84628
0.36020 0.85605
0.38168 0.85116
0.39828 0.85898
0.40805 0.84921
0.42465 0.85214
0.44028 0.85702
0.45590 0.85409
0.47739 0.84824
0.49692 0.84531
0.50668 0.85678
0.51840 0.84701
0.54086 0.85092
0.55942 0.84506
0.57016 0.85287
0.58676 0.84604
0.60043 0.85483
0.61703 0.84994
0.62875 0.85580
0.64535 0.85190
0.66000 0.85776
0.68539 0.85873
0.69907 0.84897
0.71176 0.84408
0.72836 0.84799
0.74692 0.85385
0.76352 0.84848
0.77621 0.85141
0.78989 0.84555
0.80160 0.85824
0.81821 0.85043
0.82895 0.85922
0.84457 0.85336
0.86117 0.84653
0.87973 0.84750
0.89731 0.84946
0.91196 0.85239
0.92758 0.85629
0.94516 0.85434
0.96762 0.84457
0.97543 0.85727
0.99203 0.85532
0.00180 0.87118
0.01742 0.86825
0.04282 0.86044
0.06137 0.87216
0.07407 0.86142
0.08969 0.86728
0.10336 0.85947
0.11606 0.87314
0.13364 0.87021
0.15024 0.86532
0.16586 0.86923
0.18051 0.86240
0.18930 0.87411
0.20395 0.86435
0.22153 0.86337
0.23813 0.86630
0.25668 0.86484
0.27524 0.86874
0.28989 0.86191
0.30746 0.86679
0.32797 0.87167
0.34360 0.86386
0.35727 0.87265
0.37289 0.86288
0.38852 0.86972
0.40610 0.87460
0.41879 0.86581
0.43442 0.86777
0.45297 0.87070
0.46860 0.86093
0.48227 0.87363
0.48910 0.85995
0.50082 0.87045
0.52426 0.86362
0.53793 0.86850
0.55160 0.86166
0.56723 0.86948
0.58383 0.86264
0.59555 0.87338
0.61020 0.86557
0.62582 0.87241
0.64242 0.86752
0.67074 0.87436
0.67367 0.85971
0.69809 0.86655
0.71371 0.86069
0.73227 0.86459
0.74789 0.87143
0.76157 0.86508
0.77426 0.86899
0.78793 0.86410
0.80063 0.87485
0.81430 0.86703
0.84360 0.87192
0.85824 0.86117
0.87387 0.86020
0.88168 0.87387
0.89145 0.86313
0.90805 0.86606
0.92563 0.87289
0.94028 0.86801
0.96078 0.86215
0.98129 0.87094
0.99789 0.86996
0.00571 0.88486
0.03110 0.87509
0.03793 0.88974
0.04770 0.87607
0.06723 0.88681
0.08188 0.88095
0.09848 0.87802
0.11313 0.88876
0.12973 0.88779
0.14242 0.88290
0.15805 0.88193
0.17465 0.88388
0.19711 0.88583
0.21274 0.87704
0.22739 0.87900
0.24692 0.87997
0.26352 0.87949
0.28012 0.88437
0.29282 0.87753
0.31039 0.88925
0.31430 0.87851
0.32895 0.88632
0.34457 0.88046
0.37192 0.87656
0.37582 0.89023
0.39145 0.88339
0.42172 0.88241
0.43735 0.88144
0.45102 0.88827
0.46567 0.87558
0.48032 0.88730
0.49887 0.88534
0.51449 0.87631
0.52914 0.88510
0.54184 0.88608
0.55453 0.87826
0.56625 0.88901
0.57992 0.87924
0.59946 0.88705
0.61606 0.88315
0.63657 0.88412
0.65414 0.87729
0.66684 0.88998
0.68344 0.88119
0.70102 0.88022
0.71860 0.87533
0.72153 0.88803
0.73617 0.88217
0.75766 0.88266
0.77231 0.88754
0.78598 0.88071
0.79867 0.89047
0.82504 0.87778
0.84067 0.88559
0.85434 0.88364
0.86703 0.87582
0.87582 0.88949
0.89828 0.87875
0.91391 0.88168
0.92953 0.88852
0.94418 0.88657
0.95590 0.87680
0.97055 0.87973
0.98715 0.88461
0.00375 0.90243
0.02133 0.89072
0.03403 0.90536
0.05356 0.89267
0.07211 0.89950
0.08481 0.89755
0.09946 0.89462
0.12387 0.90048
0.13852 0.90439
0.15317 0.89560
0.16977 0.89853
0.18637 0.89657
0.20102 0.90146
0.21567 0.89169
0.23227 0.89365
0.24301 0.90341
0.25375 0.89413
0.26938 0.89609
0.28500 0.90390
0.29770 0.89511
0.31528 0.90488
0.33481 0.89706
0.34946 0.89902
0.36117 0.89120
0.38949 0.89999
0.40512 0.89218
0.41782 0.90097
0.43149 0.89804
0.44614 0.90292
0.46664 0.89316
0.47934 0.90585
0.49496 0.90195
0.50766 0.90170
0.51645 0.89096
0.54672 0.89584
0.55746 0.90366
0.57309 0.90463
0.58285 0.89389
0.59848 0.90073
0.61410 0.89780
0.62973 0.89682
0.64926 0.89194
0.65903 0.90268
0.67953 0.89975
0.69321 0.89291
0.70981 0.89487
0.71957 0.90561
0.73520 0.89877
0.75082 0.89438
0.76645 0.90024
0.78500 0.89926
0.81235 0.89145
0.81723 0.90219
0.83188 0.89535
0.85629 0.89633
0.86899 0.90610
0.88461 0.90317
0.89633 0.89242
0.91098 0.89828
0.92367 0.90414
0.95004 0.90121
0.96274 0.89340
0.98324 0.89731
0.99887 0.90512
0.01352 0.92001
0.01938 0.90634
0.04672 0.92099
0.04965 0.90732
0.06430 0.91513
0.07992 0.91611
0.09555 0.91122
0.11215 0.90927
0.12680 0.91806
0.15512 0.91025
0.17074 0.91415
0.18442 0.91220
0.20199 0.91708
0.21664 0.90829
0.23032 0.91318
0.24789 0.91904
0.25961 0.91074
0.27328 0.91366
0.28696 0.92148
0.30063 0.91171
0.31821 0.92050
0.33090 0.91269
0.34653 0.91464
0.36215 0.90781
0.37778 0.90976
0.39926 0.90878
0.41196 0.91562
0.42758 0.91659
0.44223 0.91757
0.46176 0.90683
0.47543 0.91952
0.49301 0.91855
0.51352 0.91537
0.52524 0.90658
0.53989 0.90951
0.56235 0.92026
0.57797 0.92123
0.58969 0.91244
0.60629 0.91733
0.61996 0.91342
0.63266 0.91440
0.64438 0.90854
0.67172 0.91147
0.68442 0.91928
0.69614 0.90756
0.70492 0.91830
0.72934 0.91635
0.74496 0.91049
0.76059 0.91489
0.77914 0.91293
0.79477 0.91196
0.80453 0.91879
0.81918 0.91684
0.83481 0.91000
0.85141 0.91098
0.86410 0.92172
0.88071 0.91977
0.90024 0.90903
0.91489 0.91782
0.93051 0.92074
0.93832 0.90707
0.95785 0.91586
0.97250 0.90805
0.98813 0.91391
0.00864 0.93368
0.02914 0.92294
0.03891 0.93466
0.05942 0.93075
0.07504 0.93173
0.09164 0.92782
0.10727 0.92392
0.12289 0.93271
0.13949 0.93564
0.14340 0.92197
0.15903 0.92587
0.17758 0.92685
0.19418 0.92978
0.21762 0.92490
0.22836 0.93661
0.23617 0.92880
0.26254 0.92831
0.27719 0.93417
0.29184 0.93710
0.30258 0.92636
0.31332 0.93613
0.33383 0.92734
0.35043 0.92929
0.36410 0.92441
0.37973 0.92538
0.39535 0.92343
0.40903 0.93027
0.42563 0.93222
0.44321 0.93320
0.45688 0.92245
0.47055 0.93124
0.48617 0.93515
0.50375 0.92709
0.51938 0.93198
0.53207 0.92416
0.54770 0.92319
0.57602 0.93686
0.59360 0.92807
0.60922 0.93393
0.62485 0.93100
0.64047 0.93002
0.65317 0.93588
0.65805 0.92221
0.67270 0.92905
0.69418 0.93295
0.71274 0.92514
0.72250 0.93491
0.73910 0.92612
0.75668 0.92953
0.77328 0.92758
0.78891 0.93051
0.80258 0.93539
0.82016 0.93442
0.83383 0.92660
0.84848 0.92465
0.86996 0.93735
0.88657 0.93637
0.89438 0.92270
0.90707 0.93246
0.92465 0.93344
0.94321 0.92856
0.95883 0.93149
0.97446 0.92367
0.99692 0.92563
0.00961 0.94931
0.02328 0.93954
0.03500 0.95029
0.05160 0.94345
0.07016 0.94638
0.08774 0.94247
0.10922 0.95126
0.11020 0.93759
0.13266 0.94540
0.15219 0.94443
0.16684 0.94150
0.18246 0.94052
0.19614 0.94736
0.20785 0.93857
0.21957 0.94833
0.24985 0.95224
0.25180 0.93808
0.26645 0.94784
0.28207 0.95175
0.30551 0.95077
0.32699 0.94199
0.34262 0.94394
0.35922 0.94296
0.37485 0.94101
0.38657 0.95273
0.39242 0.93906
0.40707 0.94589
0.42270 0.94687
0.43832 0.94980
0.45785 0.94003
0.47250 0.94882
0.49789 0.94491
0.51059 0.94760
0.52817 0.94369
0.54379 0.93881
0.56039 0.93783
0.56918 0.94955
0.59067 0.94174
0.60336 0.95248
0.61899 0.94858
0.63364 0.94565
0.65024 0.95053
0.66586 0.94662
0.68051 0.94076
0.69223 0.95151
0.70883 0.94272
0.73324 0.94467
0.74985 0.93979
0.75375 0.95297
0.76938 0.94223
0.79184 0.94418
0.80942 0.94907
0.82699 0.94809
0.83969 0.94125
0.85532 0.93930
0.86508 0.95199
0.88266 0.95102
0.89926 0.94516
0.91586 0.94711
0.93246 0.94614
0.94809 0.94321
0.96860 0.94028
0.98422 0.95004
0.98520 0.93832
0.01157 0.96493
0.02524 0.96298
0.04184 0.96396
0.05649 0.95517
0.06821 0.96591
0.08285 0.96005
0.09653 0.95322
0.12485 0.96786
0.12582 0.95712
0.14535 0.95907
0.16293 0.95810
0.17953 0.95615
0.19809 0.96200
0.21078 0.96689
0.22446 0.96103
0.23910 0.95419
0.26449 0.96347
0.27914 0.96835
0.29379 0.96054
0.30942 0.96640
0.32114 0.95566
0.33676 0.95859
0.35141 0.95761
0.36703 0.95663
0.37680 0.96738
0.39340 0.96445
0.41000 0.95956
0.42856 0.96152
0.44418 0.96542
0.45395 0.95468
0.46957 0.96249
0.48813 0.95370
0.50278 0.96420
0.52035 0.95834
0.53598 0.95541
0.55258 0.95346
0.56821 0.96518
0.58481 0.95639
0.59653 0.96811
0.61313 0.96616
0.62680 0.96225
0.64145 0.96323
0.66098 0.96127
0.67856 0.95932
0.70199 0.96030
0.71762 0.95444
0.72543 0.96713
0.73813 0.95737
0.76547 0.96176
0.77817 0.95395
0.79379 0.95883
0.80844 0.96567
0.82211 0.96469
0.83774 0.95981
0.85239 0.95688
0.87094 0.96664
0.88852 0.96762
0.90219 0.95785
0.92074 0.96078
0.93539 0.96371
0.95199 0.95492
0.96371 0.96860
0.96957 0.95590
0.99399 0.96274
0.00473 0.97958
0.02035 0.97861
0.03696 0.97763
0.05258 0.97470
0.07797 0.97665
0.09262 0.97177
0.10824 0.98154
0.11117 0.96884
0.14047 0.97568
0.15610 0.96982
0.17172 0.97372
0.18735 0.97079
0.19907 0.98056
0.21371 0.98349
0.22934 0.97275
0.24106 0.98251
0.25082 0.97031
0.26742 0.97909
0.29574 0.97714
0.31137 0.98398
0.32504 0.97128
0.34164 0.97324
0.35824 0.97226
0.37094 0.98300
0.38754 0.98007
0.40414 0.97616
0.41977 0.97519
0.43344 0.97812
0.44907 0.98105
0.46274 0.97421
0.48324 0.96933
0.49203 0.98202
0.50864 0.97690
0.52133 0.97592
0.53500 0.97104
0.55063 0.96908
0.56332 0.97983
0.58188 0.97299
0.60434 0.98178
0.62289 0.98080
0.63754 0.97885
0.65219 0.97787
0.66782 0.97397
0.68735 0.98373
0.69028 0.97006
0.70785 0.97494
0.72348 0.98276
0.74008 0.97201
0.75278 0.97348
0.77035 0.98032
0.78207 0.96957
0.79770 0.97641
0.81528 0.98129
0.83090 0.97934
0.84653 0.97446
0.86020 0.97543
0.87778 0.98227
0.90610 0.97153
0.92172 0.97836
0.93637 0.98324
0.94711 0.97250
0.95688 0.98422
0.97934 0.97055
0.99496 0.97739
0.01254 0.99618
0.02817 0.99228
0.04574 0.99032
0.06235 0.99716
0.06528 0.98447
0.08090 0.99325
0.09750 0.98837
0.11801 0.99423
0.13168 0.98642
0.14828 0.99130
0.16196 0.98544
0.17270 0.99521
0.18832 0.98740
0.20981 0.99814
0.22641 0.98935
0.24496 0.99911
0.25571 0.98886
0.27035 0.99667
0.28403 0.98593
0.29867 0.99472
0.32602 0.98691
0.33871 0.99081
0.35239 0.98788
0.36313 0.99960
0.37875 0.99570
0.39731 0.99179
0.41391 0.98984
0.43637 0.99277
0.45199 0.99765
0.46469 0.99374
0.47641 0.98495
0.49008 0.99863
0.50473 0.99057
0.52231 0.99545
0.53403 0.98862
0.54867 0.98471
0.56430 0.99643
0.57895 0.98666
0.59457 0.99155
0.61215 0.99741
0.62778 0.99350
0.64731 0.99252
0.66391 0.99448
0.67660 0.98569
0.69711 0.99936
0.71078 0.98959
0.72739 0.99838
0.74106 0.98764
0.75864 0.98910
0.77719 0.99399
0.79086 0.98813
0.80551 0.99301
0.82407 0.99692
0.84164 0.99106
0.85727 0.99008
0.87192 0.99496
0.88949 0.99887
0.89340 0.98520
0.90903 0.98715
0.92270 0.99594
0.94223 0.99789
0.95981 0.99985
0.97348 0.98617
0.99008 0.99203